
local cfr = CFrame.new

return {{tm=0;["Torso"]={cf=cfr(-.185,-.091,-.509,.48,.83,-.285,-.877,.459,-.14,.014,.317,.948);es="Linear";ed="In";};["Left Leg"]={cf=cfr(.136,-.239,.444,.112,-.581,.806,.819,.514,.257,-.563,.631,.533);es="Linear";ed="In";};["Head"]={cf=cfr(0,0,0,.673,-.665,.324,.717,.694,-.063,-.183,.275,.944);es="Linear";ed="In";};["Right Leg"]={cf=cfr(.368,.483,-.271,.775,-.584,.241,.452,.779,.435,-.441,-.228,.868);es="Linear";ed="In";};["Left Arm"]={cf=cfr(-.004,-.511,.534,.505,-.608,.612,-.364,.493,.79,-.783,-.622,.027);es="Linear";ed="In";};["Right Arm"]={cf=cfr(-.058,-.355,.637,.733,.525,-.432,.419,.15,.895,.535,-.837,-.11);es="Linear";ed="In";};["ChaosSaberL"]={cf=cfr(.499,-.119,0,.959,.284,0,-.284,.959,0,0,0,1);es="Linear";ed="In";};};{tm=.033;["Torso"]={cf=cfr(-.119,.001,-.416,.428,.885,-.182,-.9,.435,.001,.08,.164,.983);es="Linear";ed="In";};["Left Leg"]={cf=cfr(.056,.033,.471,.041,-.731,.681,.661,.531,.53,-.749,.429,.505);es="Linear";ed="In";};["Head"]={cf=cfr(0,0,0,.627,-.703,.337,.763,.641,-.083,-.158,.309,.938);es="Linear";ed="In";};["Right Leg"]={cf=cfr(.408,.418,-.244,.918,-.355,.178,.229,.839,.493,-.324,-.412,.852);es="Linear";ed="In";};["Left Arm"]={cf=cfr(-.044,-.484,.422,.67,-.368,.645,-.358,.6,.715,-.65,-.71,.27);es="Linear";ed="In";};["Right Arm"]={cf=cfr(-.467,-.505,.443,.941,.17,-.292,.321,-.184,.929,.104,-.968,-.227);es="Linear";ed="In";};};{tm=.067;["Torso"]={cf=cfr(-.031,.024,-.426,.399,.916,-.048,-.915,.401,.037,.053,.029,.998);es="Linear";ed="In";};["Left Leg"]={cf=cfr(-.095,.125,1.165,-.229,-.657,.719,.48,.566,.67,-.847,.498,.186);es="Linear";ed="In";};["Head"]={cf=cfr(0,0,0,.589,-.728,.351,.795,.6,-.089,-.146,.331,.932);es="Linear";ed="In";};["Right Leg"]={cf=cfr(.574,.378,-.172,.997,.009,.071,-.038,.906,.421,-.06,-.423,.904);es="Linear";ed="In";};["Left Arm"]={cf=cfr(-.022,-.486,.367,.803,-.19,.565,-.372,.581,.724,-.466,-.791,.396);es="Linear";ed="In";};["Right Arm"]={cf=cfr(-.747,-.523,.38,.973,-.162,-.167,.099,-.361,.927,-.21,-.919,-.335);es="Linear";ed="In";};};{tm=.1;["Torso"]={cf=cfr(.064,.02,-.464,.369,.924,.098,-.929,.368,.03,-.008,-.102,.995);es="Linear";ed="In";};["Left Leg"]={cf=cfr(-.003,.483,.581,.216,-.346,.913,-.179,.905,.385,-.96,-.247,.134);es="Linear";ed="In";};["Head"]={cf=cfr(0,0,0,.561,-.745,.36,.816,.571,-.09,-.139,.344,.929);es="Linear";ed="In";};["Right Leg"]={cf=cfr(.654,.206,-.01,.912,.408,-.053,-.362,.858,.365,.195,-.313,.929);es="Linear";ed="In";};["Left Arm"]={cf=cfr(.009,-.505,.369,.88,-.045,.474,-.395,.485,.78,-.265,-.873,.409);es="Linear";ed="In";};["Right Arm"]={cf=cfr(-.923,-.454,.44,.9,-.431,-.072,-.139,-.44,.887,-.414,-.788,-.456);es="Linear";ed="In";};};{tm=.133;["Torso"]={cf=cfr(.12,-.002,-.511,.344,.921,.184,-.937,.35,-.003,-.067,-.171,.983);es="Linear";ed="In";};["Left Leg"]={cf=cfr(.282,.063,-.006,.42,-.023,.907,-.686,.646,.334,-.594,-.763,.255);es="Linear";ed="In";};["Head"]={cf=cfr(0,0,0,.552,-.753,.357,.824,.558,-.098,-.126,.348,.929);es="Linear";ed="In";};["Right Leg"]={cf=cfr(.57,.076,.037,.823,.566,-.054,-.51,.777,.37,.251,-.277,.928);es="Linear";ed="In";};["Left Arm"]={cf=cfr(.037,-.522,.382,.917,.065,.395,-.386,.399,.831,-.103,-.914,.391);es="Linear";ed="In";};["Right Arm"]={cf=cfr(-.996,-.376,.538,.779,-.625,-.054,-.306,-.454,.837,-.548,-.635,-.545);es="Linear";ed="In";};};{tm=.167;["Torso"]={cf=cfr(.13,-.029,-.551,.36,.911,.2,-.926,.375,-.044,-.115,-.169,.979);es="Linear";ed="In";};["Left Leg"]={cf=cfr(.282,.066,-.012,.416,-.048,.908,-.667,.662,.34,-.618,-.748,.243);es="Linear";ed="In";};["Head"]={cf=cfr(0,0,0,.565,-.753,.336,.817,.567,-.103,-.113,.333,.936);es="Linear";ed="In";};["Right Leg"]={cf=cfr(.591,-.025,-.119,.806,.535,.254,-.591,.759,.275,-.046,-.372,.927);es="Linear";ed="In";};["Left Arm"]={cf=cfr(.086,-.541,.384,.95,.124,.285,-.311,.368,.876,.004,-.922,.388);es="Linear";ed="In";};["Right Arm"]={cf=cfr(-.954,-.445,.518,.728,-.672,-.135,-.303,-.492,.816,-.615,-.553,-.562);es="Linear";ed="In";};};{tm=.2;["Torso"]={cf=cfr(.134,-.016,-.582,.575,.792,.207,-.806,.592,-.025,-.142,-.152,.978);es="Linear";ed="In";};["Left Leg"]={cf=cfr(-.239,.565,.695,.494,-.208,.844,-.016,.969,.248,-.869,-.136,.475);es="Linear";ed="In";};["Head"]={cf=cfr(0,0,0,.641,-.733,.225,.765,.635,-.111,-.062,.243,.968);es="Linear";ed="In";};["Right Leg"]={cf=cfr(.441,-.122,-.175,.658,.562,.501,-.663,.748,.031,-.358,-.353,.865);es="Linear";ed="In";};["Left Arm"]={cf=cfr(.113,-.547,.371,.956,.196,.216,-.277,.372,.886,.093,-.907,.41);es="Linear";ed="In";};["Right Arm"]={cf=cfr(-.734,-.608,.57,.642,-.672,-.371,-.164,-.592,.789,-.749,-.446,-.49);es="Linear";ed="In";};["Handle"]={cf=cfr(-2.191,-1.905,0,.142,-.99,0,.99,.142,0,0,0,1);es="Linear";ed="In";};["ChaosSaberL"]={cf=cfr(.499,-.119,0,.959,.284,0,-.284,.959,0,0,0,1);es="Linear";ed="In";};};{tm=.233;["Torso"]={cf=cfr(-.04,-.231,-.633,.966,-.25,-.062,.213,.911,-.354,.145,.329,.933);es="Linear";ed="In";};["Left Leg"]={cf=cfr(-.861,.55,.049,.918,.389,-.074,-.394,.915,-.08,.037,.102,.994);es="Linear";ed="In";};["Head"]={cf=cfr(0,0,0,.969,.173,-.177,-.157,.983,.098,.191,-.067,.979);es="Linear";ed="In";};["Right Leg"]={cf=cfr(-.173,.091,-.04,.825,.445,-.347,-.406,.895,.182,.392,-.009,.92);es="Linear";ed="In";};["Left Arm"]={cf=cfr(.768,-.621,.126,.521,.841,.145,-.78,.4,.482,.348,-.364,.864);es="Linear";ed="In";};["Right Arm"]={cf=cfr(.375,.116,.665,.691,-.404,-.6,.259,-.637,.726,-.675,-.657,-.335);es="Linear";ed="In";};};{tm=.267;["Torso"]={cf=cfr(.181,-.403,-.771,.708,-.649,.278,.649,.442,-.619,.279,.619,.734);es="Linear";ed="In";};["Left Leg"]={cf=cfr(-1.069,1.192,-.463,.67,.624,-.401,-.568,.78,.265,.478,.05,.877);es="Linear";ed="In";};["Head"]={cf=cfr(0,0,0,.67,.741,-.052,-.667,.631,.396,.326,-.23,.917);es="Linear";ed="In";};["Right Leg"]={cf=cfr(-.351,-.062,-.149,.712,.036,-.702,-.171,.978,-.123,.682,.208,.702);es="Linear";ed="In";};["Left Arm"]={cf=cfr(.519,-.413,.009,.549,.836,.001,-.833,.548,.077,.064,-.043,.997);es="Linear";ed="In";};["Right Arm"]={cf=cfr(.47,.409,.846,.65,-.43,-.627,.286,-.625,.726,-.704,-.651,-.283);es="Linear";ed="In";};["ChaosSaberL"]={cf=cfr(-1.239,-.762,0,.832,-.555,0,.555,.832,0,0,0,1);es="Linear";ed="In";};};{tm=.3;["Torso"]={cf=cfr(.187,-.397,-.768,.696,-.658,.287,.662,.434,-.611,.277,.615,.738);es="Linear";ed="In";};["Left Leg"]={cf=cfr(-1.096,1.194,-.485,.699,.591,-.403,-.523,.806,.276,.488,.018,.873);es="Linear";ed="In";};["Head"]={cf=cfr(0,0,0,.664,.745,-.058,-.669,.627,.398,.333,-.226,.915);es="Linear";ed="In";};["Right Leg"]={cf=cfr(-.37,-.068,-.17,.672,.045,-.74,-.215,.967,-.137,.709,.251,.659);es="Linear";ed="In";};["Left Arm"]={cf=cfr(.281,-.314,-.039,.498,.85,.175,-.859,.511,-.035,-.119,-.133,.984);es="Linear";ed="In";};["Right Arm"]={cf=cfr(.441,.349,.781,.673,-.4,-.622,.308,-.612,.728,-.672,-.682,-.289);es="Linear";ed="In";};};{tm=.333;["Torso"]={cf=cfr(.187,-.392,-.764,.691,-.663,.287,.668,.436,-.603,.275,.608,.745);es="Linear";ed="In";};["Left Leg"]={cf=cfr(-1.11,1.185,-.492,.712,.573,-.405,-.501,.819,.279,.492,.004,.871);es="Linear";ed="In";};["Head"]={cf=cfr(0,0,0,.661,.747,-.065,-.671,.628,.394,.336,-.217,.917);es="Linear";ed="In";};["Right Leg"]={cf=cfr(-.396,-.068,-.202,.608,.056,-.792,-.265,.955,-.135,.749,.292,.595);es="Linear";ed="In";};["Left Arm"]={cf=cfr(.091,-.181,-.027,.361,.867,.344,-.876,.441,-.193,-.319,-.232,.919);es="Linear";ed="In";};["Right Arm"]={cf=cfr(.413,.292,.717,.691,-.372,-.62,.325,-.606,.726,-.646,-.703,-.298);es="Linear";ed="In";};};{tm=.367;["Torso"]={cf=cfr(.186,-.387,-.76,.688,-.667,.286,.673,.439,-.595,.272,.602,.751);es="Linear";ed="In";};["Left Leg"]={cf=cfr(-1.118,1.174,-.495,.719,.563,-.408,-.488,.826,.281,.495,-.002,.869);es="Linear";ed="In";};["Head"]={cf=cfr(0,0,0,.658,.749,-.073,-.673,.629,.388,.337,-.206,.919);es="Linear";ed="In";};["Right Leg"]={cf=cfr(-.423,-.06,-.24,.529,.066,-.846,-.31,.943,-.121,.79,.326,.519);es="Linear";ed="In";};["Right Arm"]={cf=cfr(.41,.29,.721,.704,-.353,-.616,.338,-.597,.728,-.624,-.721,-.301);es="Linear";ed="In";};};{tm=.4;["Torso"]={cf=cfr(.187,-.383,-.757,.683,-.672,.287,.679,.439,-.588,.269,.596,.756);es="Linear";ed="In";};["Left Leg"]={cf=cfr(-1.122,1.167,-.5,.718,.559,-.414,-.481,.829,.284,.502,-.004,.865);es="Linear";ed="In";};["Head"]={cf=cfr(0,0,0,.654,.752,-.083,-.677,.63,.381,.339,-.193,.921);es="Linear";ed="In";};["Right Leg"]={cf=cfr(-.449,-.048,-.284,.435,.071,-.897,-.349,.932,-.095,.83,.355,.431);es="Linear";ed="In";};["Right Arm"]={cf=cfr(.404,.283,.719,.718,-.34,-.608,.351,-.576,.738,-.601,-.743,-.294);es="Linear";ed="In";};};{tm=.417;["Torso"]={cf=cfr(.189,-.381,-.756,.677,-.676,.29,.685,.435,-.585,.269,.595,.758);es="Linear";ed="In";};["Left Leg"]={cf=cfr(-1.121,1.166,-.505,.713,.561,-.42,-.482,.828,.288,.509,-.003,.861);es="Linear";ed="In";};["Head"]={cf=cfr(0,0,0,.65,.755,-.089,-.68,.629,.377,.341,-.184,.922);es="Linear";ed="In";};["Right Leg"]={cf=cfr(-.461,-.039,-.311,.378,.071,-.923,-.363,.928,-.078,.852,.365,.377);es="Linear";ed="In";};["Left Arm"]={cf=cfr(.091,-.181,-.027,.361,.867,.344,-.876,.441,-.193,-.319,-.232,.919);es="Linear";ed="In";};["Right Arm"]={cf=cfr(.456,.244,.673,.734,-.315,-.602,.368,-.56,.742,-.57,-.767,-.295);es="Linear";ed="In";};["ChaosSaberL"]={cf=cfr(.499,-.119,0,.959,.284,0,-.284,.959,0,0,0,1);es="Linear";ed="In";};};}
